2 123 80 10 141 13 36 43 47 3 177 101 179 77 182 117 116 36 103 51 154 162 128 50 
3 17 123 80 109 41 17 159 49 136 16 21 141 80 176 2 190 159 153 157 70 114 159 173 161 80 114 
17 48 123 80 36 163 3 44 117 167 161 95 95 170 28 141 77 159 72 109 47 43 88 159 197 28 194 181 49 
20 185 122 171 56 8 52 73 120 75 126 9 119 1 89 79 107 96 31 75 55 5 6 34 23 
21 188 187 12 173 141 197 138 167 63 111 95 13 192 116 94 114 142 49 177 51 130 90 11 50 159 157 176 
28 80 188 24 184 159 80 72 114 152 116 169 173 141 17 111 61 192 90 11 177 179 77 33 159 83 136 
32 156 149 171 62 22 185 35 124 56 38 158 97 53 121 160 1 120 58 89 127 87 120 39 99 84 60 151 99 6 
36 165 188 17 148 88 16 177 110 147 154 159 179 136 41 50 141 159 162 95 168 184 12 43 72 141 190 77 2 170 61 122 
37 193 149 39 121 191 115 146 52 127 79 198 58 125 38 34 1 76 89 164 97 86 178 108 87 84 124 98 99 139 14 5 57 60 186 
50 165 123 10 188 36 169 24 187 12 65 29 167 47 21 134 130 111 168 77 116 138 106 66 30 
52 37 37 8 6 15 137 86 80 102 96 40 119 164 166 127 151 20 131 7 26 76 107 73 99 78 25 171 139 120 58 131 
57 79 155 171 76 84 22 75 121 175 120 100 86 107 37 79 69 107 64 139 145 37 
58 15 146 107 193 140 84 144 86 14 150 26 60 46 166 80 87 139 195 126 45 37 27 102 62 32 175 39 124 23 93 188 
60 58 86 178 53 171 125 39 144 146 73 124 4 93 32 99 158 132 80 91 96 75 99 55 196 
62 193 185 79 131 171 102 146 84 198 14 58 137 8 166 175 32 113 107 115 60 42 200 171 121 19 112 86 127 131 
68 122 171 55 78 175 96 75 127 93 84 139 115 75 79 45 158 15 120 155 193 87 146 131 25 64 23 
75 91 79 27 171 68 158 87 81 22 119 71 166 57 60 35 160 69 175 26 193 45 127 67 126 89 20 5 31 198 6 
76 37 37 175 120 122 57 52 131 4 156 98 115 86 131 171 149 85 38 99 131 73 99 14 140 35 135 127 9 7 6 
79 80 37 158 40 75 108 62 25 62 131 7 86 57 102 122 145 175 127 1 35 164 37 84 56 144 137 139 20 112 135 127 163 
80 91 144 100 118 45 78 139 112 149 98 113 87 195 124 85 73 119 19 79 99 58 56 52 146 81 4 60 137 67 126 145 97 34 134 
84 149 58 86 37 171 62 175 113 26 135 96 198 131 19 57 144 37 118 32 56 119 4 98 25 200 58 55 
86 58 84 120 131 112 37 60 46 185 193 38 125 118 175 149 99 108 126 133 102 79 56 144 75 69 31 109 
87 80 149 58 84 25 75 126 115 68 37 37 200 32 40 164 56 42 193 107 1 131 113 145 20 127 6 131 93 
91 126 14 75 164 107 80 79 75 58 171 144 37 57 155 4 79 125 76 73 69 193 185 149 164 131 78 60 98 144 1 165 
95 123 141 169 17 168 114 179 21 33 165 167 177 41 103 28 199 129 182 188 74 159 157 152 54 176 
99 80 86 178 122 118 125 52 193 32 174 46 113 98 93 89 150 102 76 100 124 4 60 55 5 38 196 
107 91 58 56 125 158 87 191 133 9 38 122 164 175 135 4 35 14 7 185 78 18 146 151 26 64 126 55 20 112 198 172 
109 10 141 116 36 2 21 167 141 179 33 95 101 142 80 143 3 154 3 72 82 141 17 141 141 173 183 148 189 11 181 148 28 95 49 86 
111 41 80 114 182 188 129 187 170 95 28 142 74 157 16 13 138 186 148 63 184 28 21 50 50 192 
114 17 104 136 16 61 72 181 128 82 88 138 109 129 70 192 3 153 159 95 44 111 28 21 11 94 54 
116 17 188 109 24 3 61 41 181 2 159 154 63 95 189 141 173 142 72 161 10 13 141 82 173 80 142 28 141 2 21 117 50 33 136 164 
117 17 141 80 16 179 2 159 36 80 95 80 17 143 95 141 154 80 36 184 161 141 95 80 141 
120 185 86 171 108 102 68 200 193 126 64 160 32 58 6 115 98 131 56 191 76 124 71 139 85 139 135 
125 37 86 56 4 86 69 37 171 131 127 45 60 52 40 62 55 35 107 99 32 127 144 127 37 
127 37 37 32 52 131 160 131 4 25 120 125 38 71 15 8 42 75 46 99 73 14 69 112 172 9 34 
131 193 53 76 78 22 69 97 118 178 122 140 81 34 164 8 100 127 75 31 6 42 146 200 195 26 64 46 55 89 112 
137 156 185 131 155 102 84 62 166 175 200 151 112 87 14 32 80 146 35 125 131 175 75 126 145 127 
139 80 58 27 164 132 121 108 115 140 31 79 98 15 160 52 26 171 39 195 120 75 14 35 60 34 
141 109 104 184 2 143 188 51 49 33 197 48 176 95 159 148 101 154 13 170 190 36 43 3 92 72 16 28 167 180 147 74 54 178 
142 161 109 169 12 183 111 163 187 162 141 16 165 116 184 138 44 13 49 80 143 177 103 128 181 105 192 
144 91 80 58 37 27 131 164 108 8 158 60 79 75 155 78 140 7 86 26 99 84 98 64 19 58 145 6 93 
148 10 188 186 141 163 12 43 88 82 109 192 70 161 50 129 24 92 49 177 80 104 197 154 101 103 162 181 106 44 176 
154 80 10 109 141 36 41 88 159 82 161 143 148 197 44 13 94 21 182 177 153 167 77 2 28 136 170 
156 7 131 87 45 14 193 122 40 75 19 121 22 84 78 32 137 166 149 32 175 37 144 158 76 126 140 69 86 76 23 123 
159 188 141 36 24 13 12 88 103 105 179 177 17 3 182 51 82 28 161 154 106 65 183 72 143 77 66 74 
161 165 10 24 173 142 182 182 80 13 95 33 82 189 43 143 2 103 186 142 36 188 184 41 17 159 148 104 141 77 194 170 149 
164 185 37 122 175 139 144 91 35 144 96 98 78 155 1 108 62 131 135 79 139 8 52 87 131 107 166 171 100 131 116 
165 50 142 36 101 167 183 43 50 70 189 181 190 161 123 136 51 143 129 153 110 80 169 13 47 88 159 142 72 95 148 74 91 
166 144 58 144 79 84 62 52 120 140 164 125 122 52 108 75 99 144 60 58 131 144 45 26 145 6 
171 34 60 68 31 20 42 62 4 120 71 32 135 113 175 84 102 132 96 98 75 155 56 8 158 76 160 78 151 139 55 184 
173 80 10 161 165 13 153 109 182 44 21 154 182 3 190 179 136 90 16 116 94 80 28 161 129 21 142 148 
175 86 122 79 171 164 68 62 84 140 32 40 60 58 99 58 75 58 76 193 158 107 78 22 137 75 151 85 139 64 1 86 
176 141 165 13 141 154 3 159 183 177 143 148 82 142 21 159 181 44 21 182 95 70 
182 80 10 161 163 165 184 13 159 173 183 147 189 162 181 36 72 167 94 199 192 2 95 44 28 176 
184 17 10 141 165 50 143 176 161 141 36 173 197 161 186 141 28 148 3 103 3 82 183 141 142 110 117 63 21 3 171 
185 193 166 131 86 7 144 58 155 107 127 91 57 107 171 25 120 20 79 144 115 149 86 144 171 107 37 119 57 144 93 10 
187 50 36 186 80 95 141 33 3 80 95 163 101 36 50 95 16 161 2 80 50 141 141 142 159 3 80 141 
192 186 187 36 114 82 80 80 148 161 182 177 72 28 101 21 117 94 51 111 142 
193 75 131 120 79 139 25 91 131 127 171 131 58 144 107 37 185 107 84 144 56 144 58 86 131 108 37 107 87 120 107 131 73 99 4 75 52 57 144 17 
199 123 186 109 184 43 168 29 182 197 177 189 129 194 95 83 170 54 105 90 179 50 59 
